0	1
0	2
0	3
0	4
0	5
1	0
1	2
1	4
1	5
1	15
2	0
2	11
2	12
2	13
2	14
3	63
3	64
3	65
3	66
3	67
4	7
4	16
4	17
4	18
4	19
5	6
5	7
5	8
5	9
5	10
6	5
6	7
6	8
6	9
6	20
7	5
7	8
7	9
7	30
7	290
8	13
8	21
8	22
8	23
8	24
10	5
10	7
10	137
10	138
10	139
11	6
11	9
11	20
11	25
11	26
12	260
12	261
12	262
12	263
12	264
13	20
13	21
13	23
13	140
13	141
14	13
14	21
14	27
14	28
14	29
15	68
15	69
15	71
15	72
16	4
15	70
16	7
16	19
16	73
16	75
17	6
17	7
17	8
17	30
17	31
18	32
18	33
18	34
18	35
18	36
19	4
19	16
19	73
19	74
19	75
20	6
20	7
20	8
20	23
20	30
21	13
21	23
21	28
21	77
21	164
22	8
22	23
22	37
22	38
22	39
23	8
23	13
23	20
23	111
23	142
24	40
24	41
24	42
24	43
24	44
25	11
25	45
25	46
25	47
26	11
26	265
26	266
26	267
26	268
27	13
27	21
27	76
27	77
27	78
28	20
28	79
28	80
28	81
28	82
29	143
29	144
29	145
29	146
29	147
30	8
30	9
30	48
30	49
30	50
31	9
31	17
31	83
31	84
31	85
32	18
32	51
32	148
32	149
32	150
33	56
33	93
33	94
33	95
33	151
34	18
34	32
34	51
34	52
34	53
35	18
35	33
35	54
35	55
35	56
36	18
36	152
36	153
36	154
36	155
37	8
37	22
37	23
37	97
37	269
38	22
38	270
38	271
38	272
38	273
39	22
39	37
39	38
39	86
39	87
40	8
40	24
40	41
40	42
40	43
41	24
41	40
41	42
41	43
41	44
42	8
42	24
42	40
42	41
42	43
43	24
43	40
43	41
43	42
43	44
44	24
44	40
44	41
44	42
44	43
45	11
45	25
45	46
45	59
45	88
46	11
46	25
46	45
46	59
46	88
47	11
47	25
47	57
47	58
47	59
48	30
48	49
48	156
48	157
48	158
49	30
49	48
49	156
49	157
49	158
50	9
50	30
50	49
50	89
50	90
51	18
51	32
51	34
51	154
51	274
52	34
52	275
52	276
52	277
52	278
53	35
53	54
53	60
53	61
53	62
54	35
54	53
54	60
54	84
54	159
55	35
55	53
55	54
55	91
55	92
56	33
56	93
56	94
56	95
56	96
57	11
57	25
57	47
57	59
57	88
58	11
58	25
58	45
58	47
58	59
59	11
59	25
59	45
59	46
59	88
60	53
60	54
60	159
60	160
60	161
61	35
61	53
61	159
61	162
61	163
62	35
62	53
62	54
62	60
62	159
63	30
63	64
63	97
63	98
63	99
64	63
64	66
64	98
64	279
64	280
65	63
65	66
65	99
65	100
65	101
66	63
66	64
66	65
66	418
66	419
67	30
67	63
67	98
67	118
67	281
69	15
69	72
69	105
69	106
69	420
70	15
70	71
70	102
70	103
70	421
71	15
71	70
71	102
71	103
71	104
72	15
72	69
72	105
72	106
72	107
73	4
73	16
73	19
73	74
73	108
74	4
74	16
74	19
74	73
74	282
75	4
75	16
75	19
75	109
75	110
76	121
76	283
76	284
76	285
76	286
77	28
77	422
77	423
77	424
77	425
78	20
78	23
78	111
78	112
78	113
79	13
79	28
79	81
79	82
79	164
80	8
80	28
80	82
80	97
80	426
81	28
81	285
81	287
81	288
81	289
82	80
82	290
82	291
82	292
82	293
83	17
83	31
83	165
83	166
83	167
84	18
84	31
84	54
84	427
84	428
85	17
85	31
85	168
85	169
85	170
86	22
86	38
86	39
86	87
86	171
87	37
87	39
87	86
87	114
87	115
88	11
88	25
88	45
88	46
88	59
89	30
89	49
89	50
89	90
89	294
90	48
90	50
90	89
90	172
90	173
91	35
91	55
91	92
91	295
91	296
92	35
92	55
92	91
92	295
92	296
93	33
93	56
93	94
93	95
93	297
95	33
95	56
95	93
95	94
95	429
96	33
96	56
96	94
96	95
96	174
97	8
97	63
97	100
97	116
97	117
98	8
98	30
98	63
98	118
98	119
99	8
99	63
99	175
99	176
99	177
100	63
100	97
100	99
100	307
100	430
101	63
101	65
101	99
101	100
101	298
102	70
102	71
102	103
102	178
102	179
103	14
103	28
103	70
103	120
103	121
104	71
104	102
104	178
104	179
104	299
105	15
105	69
105	72
105	106
105	122
106	69
106	72
106	105
106	122
106	134
107	15
107	72
107	105
107	300
107	301
108	123
108	124
108	125
108	126
108	127
109	4
109	16
109	19
109	75
109	180
110	4
110	75
110	109
110	180
110	431
111	20
111	78
111	112
111	181
111	182
112	8
112	20
112	111
112	182
112	183
113	78
113	111
113	128
113	129
113	130
114	115
114	432
114	433
114	434
114	435
115	8
115	37
115	114
115	302
115	303
116	33
116	56
116	93
116	97
116	436
117	97
117	100
117	131
117	132
117	133
118	9
118	30
118	67
118	98
118	119
119	98
119	118
119	184
119	185
119	186
120	68
120	103
120	437
120	438
120	439
121	284
121	285
121	304
121	305
121	306
122	69
122	72
122	105
122	106
122	134
123	7
123	108
123	124
123	125
123	127
124	123
124	125
124	126
124	127
124	135
125	123
125	124
125	127
125	135
125	136
126	124
126	125
126	127
126	135
126	440
127	124
127	125
127	126
127	135
127	136
128	78
128	113
128	129
128	130
128	187
129	78
129	113
129	128
129	130
129	188
130	78
130	113
130	128
130	129
130	441
131	99
131	100
131	117
131	307
131	308
132	117
132	133
132	189
132	190
132	191
133	189
133	190
133	192
133	193
133	194
134	72
134	105
134	106
134	122
134	195
135	125
135	127
135	136
135	196
135	197
136	124
136	125
136	126
136	127
136	135
137	7
137	10
137	138
137	139
137	160
139	5
139	7
139	9
139	10
139	137
140	13
140	141
140	198
140	199
140	200
141	13
141	23
141	140
141	198
141	442
142	20
142	23
142	201
142	202
142	203
143	29
143	144
143	145
143	146
143	147
144	29
144	143
144	145
144	146
144	147
145	29
145	143
145	147
145	309
145	310
146	29
146	143
146	147
146	443
146	444
147	603
147	604
147	605
147	606
147	607
148	18
148	302
148	303
148	445
148	446
149	608
149	609
149	610
149	611
149	612
150	99
150	204
150	205
150	206
150	207
151	93
151	429
151	447
151	448
151	449
152	18
152	34
152	35
152	36
152	311
153	18
153	36
153	155
153	208
153	209
154	5
154	6
154	7
154	20
154	210
155	18
155	36
155	154
155	613
155	614
156	30
156	48
156	49
156	367
156	615
157	30
157	48
157	49
157	211
157	212
158	48
158	450
158	451
158	452
158	453
159	34
159	35
159	54
159	60
159	160
160	7
160	60
160	161
160	312
160	313
161	60
161	160
161	312
161	314
161	315
162	35
162	53
162	61
162	163
162	616
163	53
163	54
163	60
163	61
163	162
164	8
164	228
164	454
164	455
164	456
165	83
165	166
165	167
165	617
165	618
166	83
166	165
166	167
166	617
166	619
167	54
167	165
167	166
167	457
167	458
168	9
168	17
168	31
168	85
168	169
169	17
169	31
169	85
169	168
169	459
170	213
170	214
170	215
170	216
170	217
171	22
171	38
171	39
171	86
171	87
172	48
172	90
172	173
172	460
172	461
173	172
173	316
173	317
173	318
173	319
174	33
174	56
174	94
174	95
174	96
175	63
175	99
175	100
175	177
175	307
176	6
176	8
176	99
176	462
176	463
177	63
177	99
177	100
177	175
177	218
178	15
178	102
178	104
178	179
178	299
179	71
179	102
179	104
179	178
179	299
180	4
180	19
180	75
180	109
180	110
181	78
181	111
181	112
181	201
181	319
182	8
182	20
182	111
182	112
182	183
183	13
183	21
183	23
183	78
183	81
184	98
184	118
184	119
184	185
184	320
185	98
185	118
185	119
185	184
185	320
186	98
186	149
186	464
186	465
186	466
187	78
187	113
187	128
187	321
187	322
188	219
188	220
188	221
188	222
188	223
189	132
189	133
189	190
189	620
189	621
190	133
190	189
190	467
190	468
190	469
191	194
191	469
191	470
191	622
191	623
192	133
192	193
192	224
192	225
192	226
193	8
193	97
193	133
193	192
193	224
194	93
194	297
194	470
194	471
194	472
195	624
195	625
195	626
195	627
195	628
196	14
196	28
196	449
196	629
196	630
197	227
197	228
197	229
197	230
197	231
198	13
198	140
198	141
198	199
198	232
199	13
199	140
199	141
199	198
199	232
200	631
200	632
200	633
200	634
200	635
201	23
201	78
201	111
201	181
201	636
202	20
202	23
202	142
202	637
202	638
203	141
203	142
203	202
203	269
203	473
204	150